 19.5  19.8  44.5  -3207
  360  381171  306
  360  359664  294
 19.5  19.900000000000002  71.4  -3207
  360  381248  303
  360  359737  297
 19.700000000000003  19.700000000000003  48.300000000000004  -3207
  360  381342  291
  360  359829  309
 19.5  19.5  88.7  -3207
  360  381434  299
  360  359925  301
 21.1  19.8  84.0  -3209
  360  381526  270
  360  360021  330
 20.3  19.0  79.4  -3210
  360  381615  296
  360  360120  304
 19.8  19.1  75.4  -3213
  360  381704  309
  360  360214  291
 19.700000000000003  19.900000000000002  35.5  -3213
  360  381801  318
  360  360307  282
 19.8  19.8  66.0  -3212
  360  381890  296
  360  360388  304
 19.700000000000003  19.8  61.6  -3212
  360  381992  302
  360  360490  298
 19.5  19.8  34.5  -3212
  360  382078  304
  360  360576  296
 19.5  22.0  32.1  -3212
  360  382166  351
  360  360663  249
 19.5  52.7  22.8  -3210
  360  382262  600
  360  360738  0
 22.5  53.7  44.300000000000004  -3178
  360  382422  353
  360  360752  247
 47.900000000000006  57.300000000000004  47.900000000000006  -3160
  360  382535  0
  360  360814  600
 30.6  21.700000000000003  38.900000000000006  -3172
  360  382559  0
  360  360985  600
 27.400000000000002  55.900000000000006  34.0  -3231
  360  382559  600
  360  361150  0
 27.3  105.4  32.6  -3229
  360  382688  600
  360  361188  0
 25.900000000000002  48.800000000000004  28.5  -3188
  360  382857  0
  360  361188  600
 29.700000000000003  37.6  25.700000000000003  -3188
  360  382902  23
  360  361317  577
 27.3  113.10000000000001  19.700000000000003  -3233
  360  382908  600
  360  361493  0
 26.3  113.10000000000001  17.400000000000002  -3228
  360  383041  449
  360  361530  151
 25.1  136.1  12.100000000000001  -3200
  360  383168  449
  360  361568  151
 28.8  97.0  10.3  -3182
  360  383292  599
  360  361616  1
 32.1  77.0  78.2  -3149
  360  383455  332
  360  361625  268
 3.0  77.0  50.0  -3131
  360  383562  551
  360  361691  49
 3.0  212.0  127.30000000000001  -3107
  360  383706  449
  360  361719  151
 5.5  255.0  125.0  -3090
  360  383829  449
  360  361762  151
 10.3  255.0  125.0  -3079
  360  383954  449
  360  361810  151
 32.9  49.800000000000004  38.300000000000004  -3061
  360  384082  0
  360  361860  600
 34.0  57.2  34.9  -3064
  360  384115  494
  360  362026  106
 18.3  255.0  36.4  -3084
  360  384224  600
  360  362080  0
 34.0  55.400000000000006  26.900000000000002  -3048
  360  384386  0
  360  362084  600
 49.900000000000006  56.1  21.700000000000003  -3045
  360  384437  13
  360  362262  587
 26.700000000000003  18.400000000000002  32.6  -3093
  360  384441  0
  360  362441  600
 25.900000000000002  18.400000000000002  32.6  -3153
  360  384442  292
  360  362621  308
 69.5  112.10000000000001  32.6  -3173
  360  384512  600
  360  362725  0
 32.6  126.9  32.6  -3147
  360  384662  597
  360  362742  3
 18.400000000000002  22.5  78.0  -3105
  360  384824  0
  360  362742  600
 20.5  21.900000000000002  93.30000000000001  -3105
  360  384869  249
  360  362872  351
 19.1  21.900000000000002  87.9  -3126
  360  384939  335
  360  362992  265
 18.400000000000002  21.700000000000003  24.3  -3129
  360  385036  319
  360  363083  281
 18.3  22.700000000000003  24.3  -3130
  360  385124  334
  360  363160  266
 17.3  22.900000000000002  74.0  -3123
  360  385218  339
  360  363236  261
 17.3  22.8  69.7  -3119
  360  385316  313
  360  363314  287
 17.5  22.900000000000002  65.8  -3116
  360  385405  313
  360  363395  287
 17.400000000000002  22.5  61.400000000000006  -3115
  360  385497  308
  360  363477  292
 18.5  22.1  58.0  -3115
  360  385589  279
  360  363565  321
 18.900000000000002  26.3  52.7  -3116
  360  385675  397
  360  363659  203
 18.900000000000002  56.900000000000006  47.400000000000006  -3109
  360  385781  600
  360  363725  0
 25.700000000000003  56.900000000000006  46.900000000000006  -3079
  360  385932  256
  360  363736  344
 49.0  130.1  46.2  -3063
  360  386032  600
  360  363831  0
 39.900000000000006  147.20000000000002  108.5  -3045
  360  386182  448
  360  363852  152
 36.4  33.800000000000004  50.0  -3018
  360  386310  0
  360  363890  600
 37.0  45.6  44.800000000000004  -3029
  360  386340  548
  360  364080  52
 36.1  107.60000000000001  39.900000000000006  -3046
  360  386454  600
  360  364119  0
 36.6  39.7  34.5  -3005
  360  386620  0
  360  364118  600
 41.2  135.8  91.7  -3005
  360  386665  600
  360  364250  0
 39.300000000000004  103.10000000000001  32.1  -3004
  360  386794  448
  360  364290  152
 46.400000000000006  126.9  255.0  -2978
  360  386917  448
  360  364327  152
 81.4  57.300000000000004  2.8000000000000003  -2969
  360  387042  0
  360  364373  600
 79.4  56.900000000000006  3.8000000000000003  -2966
  360  387062  113
  360  364514  487
 79.60000000000001  57.0  3.0  -2965
  360  387085  79
  360  364651  521
 78.7  57.2  3.0  -2963
  360  387119  106
  360  364818  494
 78.4  56.7  3.0  -2965
  360  387158  79
  360  364968  521
 35.7  4.4  74.0  -3009
  360  387191  13
  360  365130  587
 33.2  6.5  81.7  -3044
  360  387199  310
  360  365302  290
 33.6  7.6000000000000005  81.0  -3044
  360  387271  234
  360  365397  366
 32.1  9.5  77.4  -3048
  360  387356  299
  360  365514  301
 32.6  12.200000000000001  74.4  -3054
  360  387446  281
  360  365610  319
 30.200000000000003  15.4  32.6  -3056
  360  387535  366
  360  365708  234
 27.8  17.5  65.3  -3051
  360  387636  358
  360  365783  242
 25.1  16.2  60.900000000000006  -3043
  360  387740  300
  360  365856  300
 23.700000000000003  17.900000000000002  56.1  -3041
  360  387846  343
  360  365956  257
 32.6  18.1  50.7  -3037
  360  387939  81
  360  366031  519
 32.6  18.900000000000002  47.300000000000004  -3048
  360  387984  273
  360  366192  327
 66.0  51.1  46.400000000000006  -3073
  360  388062  230
  360  366303  370
 42.0  42.0  47.300000000000004  -3078
  360  388137  597
  360  366413  3
 21.1  33.4  39.2  -3063
  360  388279  581
  360  366433  19
 131.70000000000002  23.3  33.0  -3023
  360  388433  0
  360  366434  600
 34.800000000000004  28.200000000000003  30.400000000000002  -3026
  360  388478  600
  360  366567  0
 133.20000000000002  28.0  25.700000000000003  -3025
  360  388609  0
  360  366607  600
 113.10000000000001  28.900000000000002  21.700000000000003  -3016
  360  388658  466
  360  366767  134
 135.8  29.0  17.900000000000002  -3036
  360  388771  0
  360  366833  600
 135.3  29.700000000000003  14.3  -3038
  360  388806  6
  360  366997  594
 140.70000000000002  9.5  15.4  -3086
  360  388806  0
  360  367178  600
 123.60000000000001  8.6  141.4  -3132
  360  388806  278
  360  367358  322
 44.7  255.0  134.9  -3168
  360  388872  600
  360  367462  0
 59.5  255.0  134.9  -3142
  360  389025  449
  360  367480  151
 32.1  14.3  123.7  -3116
  360  389154  0
  360  367519  600
 27.3  14.5  121.7  -3132
  360  389185  361
  360  367666  239
 167.0  19.5  123.4  -3147
  360  389269  0
  360  367755  600
 32.6  34.0  118.10000000000001  -3155
  360  389295  600
  360  367929  0
 69.8  34.9  24.1  -3169
  360  389423  0
  360  367968  600
 32.6  32.1  24.3  -3167
  360  389471  600
  360  368121  0
 66.0  70.2  18.400000000000002  -3174
  360  389604  406
  360  368162  194
 19.900000000000002  35.7  75.8  -3150
  360  389728  579
  360  368210  21
 7.7  32.6  101.60000000000001  -3122
  360  389878  556
  360  368225  44
 10.700000000000001  33.0  40.800000000000004  -3087
  360  390032  314
  360  368240  286
 32.6  81.0  51.7  -3072
  360  390142  600
  360  368321  0
 41.0  69.60000000000001  32.6  -3046
  360  390299  0
  360  368337  600
 82.30000000000001  80.4  24.1  -3051
  360  390345  0
  360  368481  600
 24.900000000000002  20.900000000000002  32.6  -3084
  360  390345  245
  360  368672  355
 22.1  17.400000000000002  80.2  -3117
  360  390413  271
  360  368794  329
 22.0  18.5  177.70000000000002  -3122
  360  390497  313
  360  368896  287
 21.900000000000002  18.5  32.6  -3125
  360  390591  291
  360  368988  309
 20.6  18.5  66.9  -3125
  360  390682  319
  360  369081  281
 20.5  19.1  62.6  -3123
  360  390768  309
  360  369160  291
 20.5  20.3  57.400000000000006  -3122
  360  390878  323
  360  369264  277
 22.900000000000002  19.700000000000003  41.2  -3119
  360  390969  230
  360  369344  370
 32.6  19.8  37.5  -3122
  360  391054  69
  360  369460  531
 43.5  22.900000000000002  41.6  -3135
  360  391087  82
  360  369614  518
 73.0  26.5  44.7  -3169
  360  391116  0
  360  369777  600
 76.2  32.9  165.60000000000002  -3202
  360  391122  234
  360  369986  366
 37.6  45.6  81.0  -3251
  360  391193  600
  360  370119  0
 42.900000000000006  163.4  102.0  -3233
  360  391337  600
  360  370140  0
 32.1  40.300000000000004  154.20000000000002  -3192
  360  391501  0
  360  370140  600
 8.4  40.1  150.5  -3189
  360  391550  600
  360  370291  0
 122.7  39.7  146.4  -3198
  360  391686  0
  360  370334  600
 3.2  38.900000000000006  143.5  -3197
  360  391733  600
  360  370460  0
 3.0  38.0  140.5  -3198
  360  391858  390
  360  370503  210
 5.9  38.300000000000004  138.5  -3176
  360  391974  345
  360  370554  255
 9.4  37.4  44.5  -3170
  360  392070  295
  360  370626  305
 13.5  41.0  40.300000000000004  -3168
  360  392162  372
  360  370714  228
 74.0  34.9  38.300000000000004  -3162
  360  392267  0
  360  370788  600
 19.900000000000002  32.6  33.6  -3172
  360  392295  600
  360  370958  0
 15.4  24.900000000000002  119.30000000000001  -3190
  360  392418  264
  360  371000  336
 19.8  26.700000000000003  126.10000000000001  -3174
  360  392526  268
  360  371100  332
 21.1  22.8  126.10000000000001  -3181
  360  392616  200
  360  371208  400
 21.3  19.0  106.80000000000001  -3188
  360  392701  212
  360  371362  388
 20.900000000000002  18.400000000000002  101.5  -3207
  360  392769  288
  360  371479  312
 20.5  19.700000000000003  32.6  -3215
  360  392854  331
  360  371577  269
 19.700000000000003  20.3  32.6  -3213
  360  392947  329
  360  371660  271
 19.0  20.3  92.30000000000001  -3209
  360  393056  317
  360  371752  283
 18.400000000000002  21.200000000000003  85.7  -3209
  360  393138  338
  360  371824  262
 18.400000000000002  21.200000000000003  80.4  -3202
  360  393236  308
  360  371903  292
 18.900000000000002  21.700000000000003  75.4  -3201
  360  393358  308
  360  372014  292
 19.1  20.900000000000002  71.4  -3201
  360  393453  285
  360  372106  315
 19.1  20.5  66.60000000000001  -3201
  360  393546  295
  360  372205  305
 19.0  20.3  61.800000000000004  -3202
  360  393636  301
  360  372299  299
 19.0  19.700000000000003  56.7  -3202
  360  393731  289
  360  372392  311
 19.8  21.1  51.900000000000006  -3203
  360  393824  315
  360  372490  285
 19.8  32.6  47.5  -3203
  360  393915  568
  360  372578  32
 21.900000000000002  32.1  42.800000000000004  -3179
  360  394060  278
  360  372600  322
 32.6  189.20000000000002  42.400000000000006  -3165
  360  394170  600
  360  372698  0
 32.6  50.6  44.6  -3146
  360  394315  0
  360  372717  600
 33.0  48.800000000000004  112.7  -3140
  360  394362  303
  360  372881  297
 34.5  46.900000000000006  32.6  -3173
  360  394438  268
  360  372985  332
 22.8  104.2  32.1  -3174
  360  394530  600
  360  373089  0
 37.6  45.2  32.6  -3152
  360  394678  0
  360  373107  600
 50.800000000000004  32.6  32.6  -3143
  360  394729  0
  360  373267  600
 42.900000000000006  65.10000000000001  17.3  -3190
  360  394729  600
  360  373446  0
 42.900000000000006  95.4  13.0  -3205
  360  394858  600
  360  373484  0
 46.900000000000006  95.2  84.10000000000001  -3163
  360  395024  410
  360  373484  190
 5.9  37.6  97.0  -3139
  360  395146  62
  360  373532  538
 5.800000000000001  41.2  33.800000000000004  -3140
  360  395190  479
  360  373727  121
 55.400000000000006  86.4  3.0  -3169
  360  395298  454
  360  373784  146
 57.400000000000006  86.4  3.6  -3167
  360  395448  496
  360  373832  104
 56.300000000000004  84.9  3.1  -3173
  360  395592  527
  360  373872  73
 35.5  83.4  3.2  -3176
  360  395754  600
  360  373902  0
 57.2  83.9  3.2  -3177
  360  395928  105
  360  373904  495
 57.0  83.10000000000001  3.0  -3185
  360  395983  515
  360  374031  85
 56.5  55.0  4.6000000000000005  -3196
  360  396117  0
  360  374080  600
 5.5  37.4  82.5  -3125
  360  396155  600
  360  374222  0
 14.9  25.900000000000002  50.900000000000006  -3097
  360  396292  0
  360  374261  600
 16.400000000000002  24.3  48.300000000000004  -3099
  360  396329  260
  360  374434  340
 16.2  27.8  50.0  -3138
  360  396398  407
  360  374550  193
 13.700000000000001  28.8  44.6  -3131
  360  396504  414
  360  374615  186
 11.4  28.6  66.2  -3119
  360  396615  392
  360  374669  208
 11.8  28.0  61.7  -3105
  360  396728  327
  360  374732  273
 13.5  28.0  58.1  -3099
  360  396820  308
  360  374805  292
 14.9  25.900000000000002  54.6  -3097
  360  396918  262
  360  374896  338
 16.400000000000002  25.1  50.0  -3099
  360  397006  279
  360  375001  321
 16.6  23.5  45.6  -3103
  360  397091  283
  360  375100  317
 17.5  22.700000000000003  41.2  -3108
  360  397179  280
  360  375200  320
 17.900000000000002  22.1  36.1  -3112
  360  397268  291
  360  375300  309
 18.1  21.3  32.6  -3112
  360  397360  288
  360  375397  312
 32.6  32.6  26.5  -3113
  360  397452  235
  360  375495  365
 32.6  126.30000000000001  21.3  -3117
  360  397526  600
  360  375600  0
 69.8  190.20000000000002  18.1  -3097
  360  397678  448
  360  375622  152
 99.2  152.70000000000002  18.900000000000002  -3077
  360  397807  448
  360  375662  152
 101.4  110.60000000000001  92.10000000000001  -3063
  360  397928  0
  360  375709  600
 110.7  144.20000000000002  36.4  -3073
  360  397960  600
  360  375854  0
